-1.434358572148908095e+01
-1.042809765616592088e+01
-1.209066762278453666e+01
-1.278093165137671683e+01
-1.183162341276159069e+01
-1.215682769893758675e+01
-1.091755487054332185e+01
-1.098046069004506009e+01
-1.023928935358099501e+01
-1.017675682902422807e+01
-9.981444616072458587e+00
-9.793423870686167376e+00
-9.874269998057313202e+00
-8.837259018563113244e+00
-9.566860313808053462e+00
-7.822042358939160778e+00
-9.262745953260287379e+00
-9.491272662566963447e+00
-6.080456974111358548e+00
-8.383049028263295455e+00
1.239661310946296169e-01
-1.109380403612242105e+01
-3.360705071755626605e+00
-2.614095254012354097e+00
-6.043889587937546715e+00
-1.281457598207349502e+00
-4.678478603692128868e-01
-1.490340005798478806e+00
-3.241172955374578279e-01
7.990204691324528374e-01
1.844900524786746265e+00
2.010508976051422092e+00
3.639296047505007348e+00
5.613274390245131862e+00
6.876433909250766696e+00
4.807310296521794868e+00
6.956533601757028507e+00
7.530998465464505465e+00
6.284066517143886976e+00
1.372610709449671518e+01
7.560652924874474934e+00
8.179224024915704661e+00
8.972892948235116961e+00
9.349692404046653138e+00
8.584868284804940686e+00
9.397405969582614205e+00
9.808364120847343770e+00
9.973298628006046940e+00
9.883213462450394005e+00
9.894335202118298866e+00
1.006975227761818026e+01
1.013781524979192739e+01
1.002502215061655910e+01
1.007330950795003766e+01
1.087014007344823696e+01
1.121663433636361162e+01
1.101509628471376878e+01
1.068121536306149721e+01
1.222720553290133338e+01
1.077224045614891779e+01
